Bones[0]:
	    1.00,     0.00,    -0.00,     0.00
	    0.00,     1.00,     0.00,     0.00
	    0.00,     0.00,     1.00,     0.00
	    0.00,  1600.00,     0.00,     1.00
Bones[1]:
	   -0.00,    -1.00,     0.00,     0.00
	   -0.00,    -0.00,    -1.00,     0.00
	    1.00,    -0.00,    -0.00,     0.00
	    0.00,  1600.00,     0.00,     1.00
Bones[2]:
	   -0.00,     1.00,     0.00,     0.00
	    0.00,    -0.00,     1.00,     0.00
	    1.00,     0.00,    -0.00,     0.00
	    0.00,  1600.00,     0.00,     1.00
Bones[3]:
	    0.00,     0.00,     1.00,     0.00
	    0.00,    -1.00,     0.00,     0.00
	    1.00,     0.00,    -0.00,     0.00
	 -899.93,  2099.92,  1600.06,     1.00
Bones[4]:
	    0.00,     0.00,     1.00,     0.00
	    0.00,    -1.00,     0.00,     0.00
	    1.00,     0.00,    -0.00,     0.00
	  900.07,  2099.93,  1599.98,     1.00
